TABLE NO.  2
 ETA1        ETA2        ETA3        ETA4        ETA5
  0.0000E+00 -7.8024E-01 -5.0692E-01  0.0000E+00  0.0000E+00
  0.0000E+00 -7.8024E-01 -5.0692E-01  0.0000E+00  0.0000E+00
  0.0000E+00 -7.8024E-01 -5.0692E-01  0.0000E+00  0.0000E+00
  0.0000E+00 -7.8024E-01 -5.0692E-01  0.0000E+00  0.0000E+00
  0.0000E+00 -7.8024E-01 -5.0692E-01  0.0000E+00  0.0000E+00
  0.0000E+00 -7.8024E-01 -5.0692E-01  0.0000E+00  0.0000E+00
  0.0000E+00  4.1026E-01 -1.7710E-01  0.0000E+00  0.0000E+00
  0.0000E+00  4.1026E-01 -1.7710E-01  0.0000E+00  0.0000E+00
  0.0000E+00  4.1026E-01 -1.7710E-01  0.0000E+00  0.0000E+00
  0.0000E+00  4.1026E-01 -1.7710E-01  0.0000E+00  0.0000E+00
  0.0000E+00  4.1026E-01 -1.7710E-01  0.0000E+00  0.0000E+00
  0.0000E+00  4.1026E-01 -1.7710E-01  0.0000E+00  0.0000E+00
  0.0000E+00  4.1026E-01 -1.7710E-01  0.0000E+00  0.0000E+00
  0.0000E+00 -8.6498E-02  1.0040E+00  0.0000E+00  0.0000E+00
  0.0000E+00 -8.6498E-02  1.0040E+00  0.0000E+00  0.0000E+00
  0.0000E+00 -8.6498E-02  1.0040E+00  0.0000E+00  0.0000E+00
  0.0000E+00 -8.6498E-02  1.0040E+00  0.0000E+00  0.0000E+00
  0.0000E+00 -8.6498E-02  1.0040E+00  0.0000E+00  0.0000E+00
  0.0000E+00 -8.6498E-02  1.0040E+00  0.0000E+00  0.0000E+00
  0.0000E+00  2.8766E-01  5.7565E-01  0.0000E+00  0.0000E+00
  0.0000E+00  2.8766E-01  5.7565E-01  0.0000E+00  0.0000E+00
  0.0000E+00  2.8766E-01  5.7565E-01  0.0000E+00  0.0000E+00
  0.0000E+00  2.8766E-01  5.7565E-01  0.0000E+00  0.0000E+00
  0.0000E+00  2.8766E-01  5.7565E-01  0.0000E+00  0.0000E+00
  0.0000E+00  2.8888E-01 -1.8628E-01  0.0000E+00  0.0000E+00
  0.0000E+00  2.8888E-01 -1.8628E-01  0.0000E+00  0.0000E+00
  0.0000E+00  2.8888E-01 -1.8628E-01  0.0000E+00  0.0000E+00
  0.0000E+00  2.8888E-01 -1.8628E-01  0.0000E+00  0.0000E+00
  0.0000E+00  2.8888E-01 -1.8628E-01  0.0000E+00  0.0000E+00
  0.0000E+00  2.8888E-01 -1.8628E-01  0.0000E+00  0.0000E+00
  0.0000E+00  2.8888E-01 -1.8628E-01  0.0000E+00  0.0000E+00
  0.0000E+00  2.8888E-01 -1.8628E-01  0.0000E+00  0.0000E+00
  0.0000E+00  2.6925E-01  1.7785E-01  0.0000E+00  0.0000E+00
  0.0000E+00  2.6925E-01  1.7785E-01  0.0000E+00  0.0000E+00
  0.0000E+00  2.6925E-01  1.7785E-01  0.0000E+00  0.0000E+00
  0.0000E+00  2.6925E-01  1.7785E-01  0.0000E+00  0.0000E+00
  0.0000E+00  2.6925E-01  1.7785E-01  0.0000E+00  0.0000E+00
  0.0000E+00  2.6925E-01  1.7785E-01  0.0000E+00  0.0000E+00
  0.0000E+00  1.8096E-01  7.1724E-01  0.0000E+00  0.0000E+00
  0.0000E+00  1.8096E-01  7.1724E-01  0.0000E+00  0.0000E+00
  0.0000E+00  1.8096E-01  7.1724E-01  0.0000E+00  0.0000E+00
  0.0000E+00  1.8096E-01  7.1724E-01  0.0000E+00  0.0000E+00
  0.0000E+00  1.8096E-01  7.1724E-01  0.0000E+00  0.0000E+00
  0.0000E+00  1.2259E-01 -9.7190E-01  0.0000E+00  0.0000E+00
  0.0000E+00  1.2259E-01 -9.7190E-01  0.0000E+00  0.0000E+00
  0.0000E+00  1.2259E-01 -9.7190E-01  0.0000E+00  0.0000E+00
  0.0000E+00  1.2259E-01 -9.7190E-01  0.0000E+00  0.0000E+00
  0.0000E+00  1.2259E-01 -9.7190E-01  0.0000E+00  0.0000E+00
  0.0000E+00  1.2259E-01 -9.7190E-01  0.0000E+00  0.0000E+00
  0.0000E+00  1.2259E-01 -9.7190E-01  0.0000E+00  0.0000E+00
  0.0000E+00  1.2259E-01 -9.7190E-01  0.0000E+00  0.0000E+00
  0.0000E+00  1.2259E-01 -9.7190E-01  0.0000E+00  0.0000E+00
  0.0000E+00  1.2259E-01 -9.7190E-01  0.0000E+00  0.0000E+00
  0.0000E+00 -3.3698E-02 -2.8203E-01  0.0000E+00  0.0000E+00
  0.0000E+00 -3.3698E-02 -2.8203E-01  0.0000E+00  0.0000E+00
  0.0000E+00 -3.3698E-02 -2.8203E-01  0.0000E+00  0.0000E+00
  0.0000E+00 -3.3698E-02 -2.8203E-01  0.0000E+00  0.0000E+00
  0.0000E+00 -3.3698E-02 -2.8203E-01  0.0000E+00  0.0000E+00
  0.0000E+00 -3.3698E-02 -2.8203E-01  0.0000E+00  0.0000E+00
  0.0000E+00 -3.3698E-02 -2.8203E-01  0.0000E+00  0.0000E+00
  0.0000E+00  4.8513E-01  5.1451E-01  0.0000E+00  0.0000E+00
  0.0000E+00  4.8513E-01  5.1451E-01  0.0000E+00  0.0000E+00
  0.0000E+00  4.8513E-01  5.1451E-01  0.0000E+00  0.0000E+00
  0.0000E+00  4.8513E-01  5.1451E-01  0.0000E+00  0.0000E+00
  0.0000E+00  4.8513E-01  5.1451E-01  0.0000E+00  0.0000E+00
  0.0000E+00 -1.5070E-01  3.8022E-01  0.0000E+00  0.0000E+00
  0.0000E+00 -1.5070E-01  3.8022E-01  0.0000E+00  0.0000E+00
  0.0000E+00 -1.5070E-01  3.8022E-01  0.0000E+00  0.0000E+00
  0.0000E+00 -1.5070E-01  3.8022E-01  0.0000E+00  0.0000E+00
  0.0000E+00 -1.5070E-01  3.8022E-01  0.0000E+00  0.0000E+00
  0.0000E+00 -1.5070E-01  3.8022E-01  0.0000E+00  0.0000E+00
  0.0000E+00 -5.0985E-01  1.8292E-02  0.0000E+00  0.0000E+00
  0.0000E+00 -5.0985E-01  1.8292E-02  0.0000E+00  0.0000E+00
  0.0000E+00 -5.0985E-01  1.8292E-02  0.0000E+00  0.0000E+00
  0.0000E+00 -5.0985E-01  1.8292E-02  0.0000E+00  0.0000E+00
  0.0000E+00 -5.0985E-01  1.8292E-02  0.0000E+00  0.0000E+00
  0.0000E+00 -5.0985E-01  1.8292E-02  0.0000E+00  0.0000E+00
  0.0000E+00  5.5797E-01 -6.7336E-01  0.0000E+00  0.0000E+00
  0.0000E+00  5.5797E-01 -6.7336E-01  0.0000E+00  0.0000E+00
  0.0000E+00  5.5797E-01 -6.7336E-01  0.0000E+00  0.0000E+00
  0.0000E+00  5.5797E-01 -6.7336E-01  0.0000E+00  0.0000E+00
  0.0000E+00  5.5797E-01 -6.7336E-01  0.0000E+00  0.0000E+00
  0.0000E+00  5.5797E-01 -6.7336E-01  0.0000E+00  0.0000E+00
  0.0000E+00  5.5797E-01 -6.7336E-01  0.0000E+00  0.0000E+00
  0.0000E+00  5.5797E-01 -6.7336E-01  0.0000E+00  0.0000E+00
  0.0000E+00  3.7287E-01 -8.2213E-03  0.0000E+00  0.0000E+00
  0.0000E+00  3.7287E-01 -8.2213E-03  0.0000E+00  0.0000E+00
  0.0000E+00  3.7287E-01 -8.2213E-03  0.0000E+00  0.0000E+00
  0.0000E+00  3.7287E-01 -8.2213E-03  0.0000E+00  0.0000E+00
  0.0000E+00  3.7287E-01 -8.2213E-03  0.0000E+00  0.0000E+00
  0.0000E+00  3.7287E-01 -8.2213E-03  0.0000E+00  0.0000E+00
  0.0000E+00 -7.9135E-01 -1.1662E-01  0.0000E+00  0.0000E+00
  0.0000E+00 -7.9135E-01 -1.1662E-01  0.0000E+00  0.0000E+00
  0.0000E+00 -7.9135E-01 -1.1662E-01  0.0000E+00  0.0000E+00
  0.0000E+00 -7.9135E-01 -1.1662E-01  0.0000E+00  0.0000E+00
  0.0000E+00 -7.9135E-01 -1.1662E-01  0.0000E+00  0.0000E+00
  0.0000E+00 -7.9135E-01 -1.1662E-01  0.0000E+00  0.0000E+00
  0.0000E+00  4.2685E-01  1.1610E-01  0.0000E+00  0.0000E+00
  0.0000E+00  4.2685E-01  1.1610E-01  0.0000E+00  0.0000E+00
  0.0000E+00  4.2685E-01  1.1610E-01  0.0000E+00  0.0000E+00
  0.0000E+00  4.2685E-01  1.1610E-01  0.0000E+00  0.0000E+00
  0.0000E+00 -2.5011E-01  9.0815E-01  0.0000E+00  0.0000E+00
  0.0000E+00 -2.5011E-01  9.0815E-01  0.0000E+00  0.0000E+00
  0.0000E+00 -2.5011E-01  9.0815E-01  0.0000E+00  0.0000E+00
  0.0000E+00 -2.5011E-01  9.0815E-01  0.0000E+00  0.0000E+00
  0.0000E+00 -2.5011E-01  9.0815E-01  0.0000E+00  0.0000E+00
  0.0000E+00 -2.5011E-01  9.0815E-01  0.0000E+00  0.0000E+00
  0.0000E+00  3.0742E-01  1.4702E-02  0.0000E+00  0.0000E+00
  0.0000E+00  3.0742E-01  1.4702E-02  0.0000E+00  0.0000E+00
  0.0000E+00  3.0742E-01  1.4702E-02  0.0000E+00  0.0000E+00
  0.0000E+00  3.0742E-01  1.4702E-02  0.0000E+00  0.0000E+00
  0.0000E+00  3.0742E-01  1.4702E-02  0.0000E+00  0.0000E+00
  0.0000E+00  3.0742E-01  1.4702E-02  0.0000E+00  0.0000E+00
  0.0000E+00  4.1192E-01 -5.0586E-01  0.0000E+00  0.0000E+00
  0.0000E+00  4.1192E-01 -5.0586E-01  0.0000E+00  0.0000E+00
  0.0000E+00  4.1192E-01 -5.0586E-01  0.0000E+00  0.0000E+00
  0.0000E+00  4.1192E-01 -5.0586E-01  0.0000E+00  0.0000E+00
  0.0000E+00  4.1192E-01 -5.0586E-01  0.0000E+00  0.0000E+00
  0.0000E+00  4.1192E-01 -5.0586E-01  0.0000E+00  0.0000E+00
  0.0000E+00  4.1192E-01 -5.0586E-01  0.0000E+00  0.0000E+00
  0.0000E+00 -1.0619E-01  4.2718E-01  0.0000E+00  0.0000E+00
  0.0000E+00 -1.0619E-01  4.2718E-01  0.0000E+00  0.0000E+00
  0.0000E+00 -1.0619E-01  4.2718E-01  0.0000E+00  0.0000E+00
  0.0000E+00 -1.0619E-01  4.2718E-01  0.0000E+00  0.0000E+00
  0.0000E+00 -1.0619E-01  4.2718E-01  0.0000E+00  0.0000E+00
  0.0000E+00 -1.0619E-01  4.2718E-01  0.0000E+00  0.0000E+00
  0.0000E+00 -5.3303E-01  2.5548E-01  0.0000E+00  0.0000E+00
  0.0000E+00 -5.3303E-01  2.5548E-01  0.0000E+00  0.0000E+00
  0.0000E+00 -5.3303E-01  2.5548E-01  0.0000E+00  0.0000E+00
  0.0000E+00 -5.3303E-01  2.5548E-01  0.0000E+00  0.0000E+00
  0.0000E+00 -5.3303E-01  2.5548E-01  0.0000E+00  0.0000E+00
  0.0000E+00 -5.3303E-01  2.5548E-01  0.0000E+00  0.0000E+00
  0.0000E+00 -2.6293E-01 -1.3284E-01  0.0000E+00  0.0000E+00
  0.0000E+00 -2.6293E-01 -1.3284E-01  0.0000E+00  0.0000E+00
  0.0000E+00 -2.6293E-01 -1.3284E-01  0.0000E+00  0.0000E+00
  0.0000E+00 -2.6293E-01 -1.3284E-01  0.0000E+00  0.0000E+00
  0.0000E+00 -2.6293E-01 -1.3284E-01  0.0000E+00  0.0000E+00
  0.0000E+00 -2.6293E-01 -1.3284E-01  0.0000E+00  0.0000E+00
  0.0000E+00 -2.6293E-01 -1.3284E-01  0.0000E+00  0.0000E+00
  0.0000E+00 -1.8602E-01 -3.9689E-01  0.0000E+00  0.0000E+00
  0.0000E+00 -1.8602E-01 -3.9689E-01  0.0000E+00  0.0000E+00
  0.0000E+00 -1.8602E-01 -3.9689E-01  0.0000E+00  0.0000E+00
  0.0000E+00 -1.8602E-01 -3.9689E-01  0.0000E+00  0.0000E+00
  0.0000E+00 -1.8602E-01 -3.9689E-01  0.0000E+00  0.0000E+00
  0.0000E+00 -1.8602E-01 -3.9689E-01  0.0000E+00  0.0000E+00
  0.0000E+00  1.3107E-01 -1.4786E-01  0.0000E+00  0.0000E+00
  0.0000E+00  1.3107E-01 -1.4786E-01  0.0000E+00  0.0000E+00
  0.0000E+00  1.3107E-01 -1.4786E-01  0.0000E+00  0.0000E+00
  0.0000E+00  1.3107E-01 -1.4786E-01  0.0000E+00  0.0000E+00
  0.0000E+00  1.3107E-01 -1.4786E-01  0.0000E+00  0.0000E+00
  0.0000E+00  2.6894E-02  7.4609E-01  0.0000E+00  0.0000E+00
  0.0000E+00  2.6894E-02  7.4609E-01  0.0000E+00  0.0000E+00
  0.0000E+00  2.6894E-02  7.4609E-01  0.0000E+00  0.0000E+00
  0.0000E+00  2.6894E-02  7.4609E-01  0.0000E+00  0.0000E+00
  0.0000E+00  2.6894E-02  7.4609E-01  0.0000E+00  0.0000E+00
  0.0000E+00  2.6894E-02  7.4609E-01  0.0000E+00  0.0000E+00
  0.0000E+00  4.3330E-01  6.0874E-01  0.0000E+00  0.0000E+00
  0.0000E+00  4.3330E-01  6.0874E-01  0.0000E+00  0.0000E+00
  0.0000E+00  4.3330E-01  6.0874E-01  0.0000E+00  0.0000E+00
  0.0000E+00  4.3330E-01  6.0874E-01  0.0000E+00  0.0000E+00
  0.0000E+00  4.3330E-01  6.0874E-01  0.0000E+00  0.0000E+00
  0.0000E+00  9.8778E-01  1.2033E-01  0.0000E+00  0.0000E+00
  0.0000E+00  9.8778E-01  1.2033E-01  0.0000E+00  0.0000E+00
  0.0000E+00  9.8778E-01  1.2033E-01  0.0000E+00  0.0000E+00
  0.0000E+00  9.8778E-01  1.2033E-01  0.0000E+00  0.0000E+00
  0.0000E+00  9.8778E-01  1.2033E-01  0.0000E+00  0.0000E+00
  0.0000E+00  9.8778E-01  1.2033E-01  0.0000E+00  0.0000E+00
  0.0000E+00  3.8018E-01  5.6972E-01  0.0000E+00  0.0000E+00
  0.0000E+00  3.8018E-01  5.6972E-01  0.0000E+00  0.0000E+00
  0.0000E+00  3.8018E-01  5.6972E-01  0.0000E+00  0.0000E+00
  0.0000E+00  3.8018E-01  5.6972E-01  0.0000E+00  0.0000E+00
  0.0000E+00  3.8018E-01  5.6972E-01  0.0000E+00  0.0000E+00
  0.0000E+00  3.8018E-01  5.6972E-01  0.0000E+00  0.0000E+00
  0.0000E+00  1.2210E-01  2.8828E-01  0.0000E+00  0.0000E+00
  0.0000E+00  1.2210E-01  2.8828E-01  0.0000E+00  0.0000E+00
  0.0000E+00  1.2210E-01  2.8828E-01  0.0000E+00  0.0000E+00
  0.0000E+00  1.2210E-01  2.8828E-01  0.0000E+00  0.0000E+00
  0.0000E+00  1.2210E-01  2.8828E-01  0.0000E+00  0.0000E+00
  0.0000E+00  1.2210E-01  2.8828E-01  0.0000E+00  0.0000E+00
  0.0000E+00  6.9872E-01  1.3592E-02  0.0000E+00  0.0000E+00
  0.0000E+00  6.9872E-01  1.3592E-02  0.0000E+00  0.0000E+00
  0.0000E+00  6.9872E-01  1.3592E-02  0.0000E+00  0.0000E+00
  0.0000E+00  6.9872E-01  1.3592E-02  0.0000E+00  0.0000E+00
  0.0000E+00  6.9872E-01  1.3592E-02  0.0000E+00  0.0000E+00
  0.0000E+00  6.9872E-01  1.3592E-02  0.0000E+00  0.0000E+00
  0.0000E+00 -9.4169E-02  1.4262E-01  0.0000E+00  0.0000E+00
  0.0000E+00 -9.4169E-02  1.4262E-01  0.0000E+00  0.0000E+00
  0.0000E+00 -9.4169E-02  1.4262E-01  0.0000E+00  0.0000E+00
  0.0000E+00 -9.4169E-02  1.4262E-01  0.0000E+00  0.0000E+00
  0.0000E+00 -9.4169E-02  1.4262E-01  0.0000E+00  0.0000E+00
  0.0000E+00 -9.4169E-02  1.4262E-01  0.0000E+00  0.0000E+00
  0.0000E+00 -9.4169E-02  1.4262E-01  0.0000E+00  0.0000E+00
  0.0000E+00 -9.4169E-02  1.4262E-01  0.0000E+00  0.0000E+00
  0.0000E+00 -9.4169E-02  1.4262E-01  0.0000E+00  0.0000E+00
  0.0000E+00  4.3788E-01  1.0917E-01  0.0000E+00  0.0000E+00
  0.0000E+00  4.3788E-01  1.0917E-01  0.0000E+00  0.0000E+00
  0.0000E+00  4.3788E-01  1.0917E-01  0.0000E+00  0.0000E+00
  0.0000E+00  4.3788E-01  1.0917E-01  0.0000E+00  0.0000E+00
  0.0000E+00  4.3788E-01  1.0917E-01  0.0000E+00  0.0000E+00
  0.0000E+00  4.3788E-01  1.0917E-01  0.0000E+00  0.0000E+00
  0.0000E+00  4.3788E-01  1.0917E-01  0.0000E+00  0.0000E+00
  0.0000E+00  4.3788E-01  1.0917E-01  0.0000E+00  0.0000E+00
  0.0000E+00  4.3788E-01  1.0917E-01  0.0000E+00  0.0000E+00
  0.0000E+00  1.1901E-01  3.9975E-03  0.0000E+00  0.0000E+00
  0.0000E+00  1.1901E-01  3.9975E-03  0.0000E+00  0.0000E+00
  0.0000E+00  1.1901E-01  3.9975E-03  0.0000E+00  0.0000E+00
  0.0000E+00  1.1901E-01  3.9975E-03  0.0000E+00  0.0000E+00
  0.0000E+00  1.1901E-01  3.9975E-03  0.0000E+00  0.0000E+00
  0.0000E+00  1.1901E-01  3.9975E-03  0.0000E+00  0.0000E+00
  0.0000E+00  1.1901E-01  3.9975E-03  0.0000E+00  0.0000E+00
  0.0000E+00  1.1901E-01  3.9975E-03  0.0000E+00  0.0000E+00
  0.0000E+00  1.1901E-01  3.9975E-03  0.0000E+00  0.0000E+00
  0.0000E+00 -2.3032E-02  2.7531E-01  0.0000E+00  0.0000E+00
  0.0000E+00 -2.3032E-02  2.7531E-01  0.0000E+00  0.0000E+00
  0.0000E+00 -2.3032E-02  2.7531E-01  0.0000E+00  0.0000E+00
  0.0000E+00 -2.3032E-02  2.7531E-01  0.0000E+00  0.0000E+00
  0.0000E+00 -2.3032E-02  2.7531E-01  0.0000E+00  0.0000E+00
  0.0000E+00 -2.3032E-02  2.7531E-01  0.0000E+00  0.0000E+00
  0.0000E+00 -2.3032E-02  2.7531E-01  0.0000E+00  0.0000E+00
  0.0000E+00 -2.3032E-02  2.7531E-01  0.0000E+00  0.0000E+00
  0.0000E+00 -2.3032E-02  2.7531E-01  0.0000E+00  0.0000E+00
  0.0000E+00 -1.1510E-01 -2.8413E-01  0.0000E+00  0.0000E+00
  0.0000E+00 -1.1510E-01 -2.8413E-01  0.0000E+00  0.0000E+00
  0.0000E+00 -1.1510E-01 -2.8413E-01  0.0000E+00  0.0000E+00
  0.0000E+00 -1.1510E-01 -2.8413E-01  0.0000E+00  0.0000E+00
  0.0000E+00 -1.1510E-01 -2.8413E-01  0.0000E+00  0.0000E+00
  0.0000E+00 -1.1510E-01 -2.8413E-01  0.0000E+00  0.0000E+00
  0.0000E+00 -1.1510E-01 -2.8413E-01  0.0000E+00  0.0000E+00
  0.0000E+00 -1.1510E-01 -2.8413E-01  0.0000E+00  0.0000E+00
  0.0000E+00 -1.1510E-01 -2.8413E-01  0.0000E+00  0.0000E+00
  0.0000E+00 -1.1510E-01 -2.8413E-01  0.0000E+00  0.0000E+00
  0.0000E+00 -4.8978E-01  2.3462E-02  0.0000E+00  0.0000E+00
  0.0000E+00 -4.8978E-01  2.3462E-02  0.0000E+00  0.0000E+00
  0.0000E+00 -4.8978E-01  2.3462E-02  0.0000E+00  0.0000E+00
  0.0000E+00 -4.8978E-01  2.3462E-02  0.0000E+00  0.0000E+00
  0.0000E+00 -4.8978E-01  2.3462E-02  0.0000E+00  0.0000E+00
  0.0000E+00 -4.8978E-01  2.3462E-02  0.0000E+00  0.0000E+00
  0.0000E+00 -4.8978E-01  2.3462E-02  0.0000E+00  0.0000E+00
  0.0000E+00 -4.8978E-01  2.3462E-02  0.0000E+00  0.0000E+00
  0.0000E+00  3.1564E-01 -1.3253E+00  0.0000E+00  0.0000E+00
  0.0000E+00  3.1564E-01 -1.3253E+00  0.0000E+00  0.0000E+00
  0.0000E+00  3.1564E-01 -1.3253E+00  0.0000E+00  0.0000E+00
  0.0000E+00  3.1564E-01 -1.3253E+00  0.0000E+00  0.0000E+00
  0.0000E+00  3.1564E-01 -1.3253E+00  0.0000E+00  0.0000E+00
  0.0000E+00  3.1564E-01 -1.3253E+00  0.0000E+00  0.0000E+00
  0.0000E+00  3.1564E-01 -1.3253E+00  0.0000E+00  0.0000E+00
  0.0000E+00  3.1564E-01 -1.3253E+00  0.0000E+00  0.0000E+00
  0.0000E+00  3.1564E-01 -1.3253E+00  0.0000E+00  0.0000E+00
  0.0000E+00  3.1564E-01 -1.3253E+00  0.0000E+00  0.0000E+00
  0.0000E+00  1.3654E-01 -2.7864E-02  0.0000E+00  0.0000E+00
  0.0000E+00  1.3654E-01 -2.7864E-02  0.0000E+00  0.0000E+00
  0.0000E+00  1.3654E-01 -2.7864E-02  0.0000E+00  0.0000E+00
  0.0000E+00  1.3654E-01 -2.7864E-02  0.0000E+00  0.0000E+00
  0.0000E+00  1.3654E-01 -2.7864E-02  0.0000E+00  0.0000E+00
  0.0000E+00  1.3654E-01 -2.7864E-02  0.0000E+00  0.0000E+00
  0.0000E+00  1.3654E-01 -2.7864E-02  0.0000E+00  0.0000E+00
  0.0000E+00  1.3654E-01 -2.7864E-02  0.0000E+00  0.0000E+00
  0.0000E+00  1.3654E-01 -2.7864E-02  0.0000E+00  0.0000E+00
  0.0000E+00 -1.9058E-01 -1.5534E-01  0.0000E+00  0.0000E+00
  0.0000E+00 -1.9058E-01 -1.5534E-01  0.0000E+00  0.0000E+00
  0.0000E+00 -1.9058E-01 -1.5534E-01  0.0000E+00  0.0000E+00
  0.0000E+00 -1.9058E-01 -1.5534E-01  0.0000E+00  0.0000E+00
  0.0000E+00 -1.9058E-01 -1.5534E-01  0.0000E+00  0.0000E+00
  0.0000E+00 -1.9058E-01 -1.5534E-01  0.0000E+00  0.0000E+00
  0.0000E+00 -1.9058E-01 -1.5534E-01  0.0000E+00  0.0000E+00
  0.0000E+00 -1.9058E-01 -1.5534E-01  0.0000E+00  0.0000E+00
  0.0000E+00 -1.9058E-01 -1.5534E-01  0.0000E+00  0.0000E+00
  0.0000E+00 -6.1168E-02  1.3851E-02  0.0000E+00  0.0000E+00
  0.0000E+00 -6.1168E-02  1.3851E-02  0.0000E+00  0.0000E+00
  0.0000E+00 -6.1168E-02  1.3851E-02  0.0000E+00  0.0000E+00
  0.0000E+00 -6.1168E-02  1.3851E-02  0.0000E+00  0.0000E+00
  0.0000E+00 -6.1168E-02  1.3851E-02  0.0000E+00  0.0000E+00
  0.0000E+00 -6.1168E-02  1.3851E-02  0.0000E+00  0.0000E+00
  0.0000E+00 -6.1168E-02  1.3851E-02  0.0000E+00  0.0000E+00
  0.0000E+00 -6.1168E-02  1.3851E-02  0.0000E+00  0.0000E+00
  0.0000E+00 -6.1168E-02  1.3851E-02  0.0000E+00  0.0000E+00
  0.0000E+00 -6.1168E-02  1.3851E-02  0.0000E+00  0.0000E+00
  0.0000E+00  4.1099E-01 -7.2844E-01  0.0000E+00  0.0000E+00
  0.0000E+00  4.1099E-01 -7.2844E-01  0.0000E+00  0.0000E+00
  0.0000E+00  4.1099E-01 -7.2844E-01  0.0000E+00  0.0000E+00
  0.0000E+00  4.1099E-01 -7.2844E-01  0.0000E+00  0.0000E+00
  0.0000E+00  4.1099E-01 -7.2844E-01  0.0000E+00  0.0000E+00
  0.0000E+00  4.1099E-01 -7.2844E-01  0.0000E+00  0.0000E+00
  0.0000E+00  4.1099E-01 -7.2844E-01  0.0000E+00  0.0000E+00
  0.0000E+00  4.1099E-01 -7.2844E-01  0.0000E+00  0.0000E+00
  0.0000E+00  4.1099E-01 -7.2844E-01  0.0000E+00  0.0000E+00
  0.0000E+00  4.1099E-01 -7.2844E-01  0.0000E+00  0.0000E+00
  0.0000E+00  7.1100E-02 -7.0684E-01  0.0000E+00  0.0000E+00
  0.0000E+00  7.1100E-02 -7.0684E-01  0.0000E+00  0.0000E+00
  0.0000E+00  7.1100E-02 -7.0684E-01  0.0000E+00  0.0000E+00
  0.0000E+00  7.1100E-02 -7.0684E-01  0.0000E+00  0.0000E+00
  0.0000E+00  7.1100E-02 -7.0684E-01  0.0000E+00  0.0000E+00
  0.0000E+00  7.1100E-02 -7.0684E-01  0.0000E+00  0.0000E+00
  0.0000E+00  7.1100E-02 -7.0684E-01  0.0000E+00  0.0000E+00
  0.0000E+00  7.1100E-02 -7.0684E-01  0.0000E+00  0.0000E+00
  0.0000E+00  7.1100E-02 -7.0684E-01  0.0000E+00  0.0000E+00
  0.0000E+00  1.1843E-01  2.8295E-01  0.0000E+00  0.0000E+00
  0.0000E+00  1.1843E-01  2.8295E-01  0.0000E+00  0.0000E+00
  0.0000E+00  1.1843E-01  2.8295E-01  0.0000E+00  0.0000E+00
  0.0000E+00  1.1843E-01  2.8295E-01  0.0000E+00  0.0000E+00
  0.0000E+00  1.1843E-01  2.8295E-01  0.0000E+00  0.0000E+00
  0.0000E+00  1.1843E-01  2.8295E-01  0.0000E+00  0.0000E+00
  0.0000E+00  1.1843E-01  2.8295E-01  0.0000E+00  0.0000E+00
  0.0000E+00  1.1843E-01  2.8295E-01  0.0000E+00  0.0000E+00
  0.0000E+00 -1.1137E+00  2.1863E-01  0.0000E+00  0.0000E+00
  0.0000E+00 -1.1137E+00  2.1863E-01  0.0000E+00  0.0000E+00
  0.0000E+00 -1.1137E+00  2.1863E-01  0.0000E+00  0.0000E+00
  0.0000E+00 -1.1137E+00  2.1863E-01  0.0000E+00  0.0000E+00
  0.0000E+00 -1.1137E+00  2.1863E-01  0.0000E+00  0.0000E+00
  0.0000E+00 -1.1137E+00  2.1863E-01  0.0000E+00  0.0000E+00
  0.0000E+00 -4.4521E-01  7.7774E-02  0.0000E+00  0.0000E+00
  0.0000E+00 -4.4521E-01  7.7774E-02  0.0000E+00  0.0000E+00
  0.0000E+00 -4.4521E-01  7.7774E-02  0.0000E+00  0.0000E+00
  0.0000E+00 -4.4521E-01  7.7774E-02  0.0000E+00  0.0000E+00
  0.0000E+00 -4.4521E-01  7.7774E-02  0.0000E+00  0.0000E+00
  0.0000E+00 -4.4521E-01  7.7774E-02  0.0000E+00  0.0000E+00
  0.0000E+00 -4.4521E-01  7.7774E-02  0.0000E+00  0.0000E+00
  0.0000E+00 -4.4521E-01  7.7774E-02  0.0000E+00  0.0000E+00
  0.0000E+00  7.8077E-01 -5.8109E-02  0.0000E+00  0.0000E+00
  0.0000E+00  7.8077E-01 -5.8109E-02  0.0000E+00  0.0000E+00
  0.0000E+00  7.8077E-01 -5.8109E-02  0.0000E+00  0.0000E+00
  0.0000E+00  7.8077E-01 -5.8109E-02  0.0000E+00  0.0000E+00
  0.0000E+00  7.8077E-01 -5.8109E-02  0.0000E+00  0.0000E+00
  0.0000E+00  7.8077E-01 -5.8109E-02  0.0000E+00  0.0000E+00
  0.0000E+00  7.8077E-01 -5.8109E-02  0.0000E+00  0.0000E+00
  0.0000E+00  7.8077E-01 -5.8109E-02  0.0000E+00  0.0000E+00
  0.0000E+00  7.8077E-01 -5.8109E-02  0.0000E+00  0.0000E+00
  0.0000E+00 -5.5336E-01  8.3029E-01  0.0000E+00  0.0000E+00
  0.0000E+00 -5.5336E-01  8.3029E-01  0.0000E+00  0.0000E+00
  0.0000E+00 -5.5336E-01  8.3029E-01  0.0000E+00  0.0000E+00
  0.0000E+00 -5.5336E-01  8.3029E-01  0.0000E+00  0.0000E+00
  0.0000E+00 -5.5336E-01  8.3029E-01  0.0000E+00  0.0000E+00
  0.0000E+00  4.9230E-01  1.4584E-01  0.0000E+00  0.0000E+00
  0.0000E+00  4.9230E-01  1.4584E-01  0.0000E+00  0.0000E+00
  0.0000E+00  4.9230E-01  1.4584E-01  0.0000E+00  0.0000E+00
  0.0000E+00  4.9230E-01  1.4584E-01  0.0000E+00  0.0000E+00
  0.0000E+00  4.9230E-01  1.4584E-01  0.0000E+00  0.0000E+00
  0.0000E+00  4.9230E-01  1.4584E-01  0.0000E+00  0.0000E+00
  0.0000E+00  4.9230E-01  1.4584E-01  0.0000E+00  0.0000E+00
  0.0000E+00  4.9230E-01  1.4584E-01  0.0000E+00  0.0000E+00
  0.0000E+00  4.9230E-01  1.4584E-01  0.0000E+00  0.0000E+00
  0.0000E+00  1.8340E-01 -9.1857E-01  0.0000E+00  0.0000E+00
  0.0000E+00  1.8340E-01 -9.1857E-01  0.0000E+00  0.0000E+00
  0.0000E+00  1.8340E-01 -9.1857E-01  0.0000E+00  0.0000E+00
  0.0000E+00  1.8340E-01 -9.1857E-01  0.0000E+00  0.0000E+00
  0.0000E+00  1.8340E-01 -9.1857E-01  0.0000E+00  0.0000E+00
  0.0000E+00  1.8340E-01 -9.1857E-01  0.0000E+00  0.0000E+00
  0.0000E+00  1.8340E-01 -9.1857E-01  0.0000E+00  0.0000E+00
  0.0000E+00  1.8340E-01 -9.1857E-01  0.0000E+00  0.0000E+00
  0.0000E+00  1.8340E-01 -9.1857E-01  0.0000E+00  0.0000E+00
  0.0000E+00  1.8340E-01 -9.1857E-01  0.0000E+00  0.0000E+00
  0.0000E+00 -4.5700E-01  5.8564E-02  0.0000E+00  0.0000E+00
  0.0000E+00 -4.5700E-01  5.8564E-02  0.0000E+00  0.0000E+00
  0.0000E+00 -4.5700E-01  5.8564E-02  0.0000E+00  0.0000E+00
  0.0000E+00 -4.5700E-01  5.8564E-02  0.0000E+00  0.0000E+00
  0.0000E+00 -4.5700E-01  5.8564E-02  0.0000E+00  0.0000E+00
  0.0000E+00 -4.5700E-01  5.8564E-02  0.0000E+00  0.0000E+00
  0.0000E+00 -4.5700E-01  5.8564E-02  0.0000E+00  0.0000E+00
  0.0000E+00 -4.5700E-01  5.8564E-02  0.0000E+00  0.0000E+00
  0.0000E+00 -4.5700E-01  5.8564E-02  0.0000E+00  0.0000E+00
  0.0000E+00  7.3290E-01 -2.7280E-01  0.0000E+00  0.0000E+00
  0.0000E+00  7.3290E-01 -2.7280E-01  0.0000E+00  0.0000E+00
  0.0000E+00  7.3290E-01 -2.7280E-01  0.0000E+00  0.0000E+00
  0.0000E+00  7.3290E-01 -2.7280E-01  0.0000E+00  0.0000E+00
  0.0000E+00  7.3290E-01 -2.7280E-01  0.0000E+00  0.0000E+00
  0.0000E+00  7.3290E-01 -2.7280E-01  0.0000E+00  0.0000E+00
  0.0000E+00  7.3290E-01 -2.7280E-01  0.0000E+00  0.0000E+00
  0.0000E+00  7.3290E-01 -2.7280E-01  0.0000E+00  0.0000E+00
  0.0000E+00  7.3290E-01 -2.7280E-01  0.0000E+00  0.0000E+00
  0.0000E+00  7.3290E-01 -2.7280E-01  0.0000E+00  0.0000E+00
  0.0000E+00  9.5565E-02  5.0629E-01  0.0000E+00  0.0000E+00
  0.0000E+00  9.5565E-02  5.0629E-01  0.0000E+00  0.0000E+00
  0.0000E+00  9.5565E-02  5.0629E-01  0.0000E+00  0.0000E+00
  0.0000E+00  9.5565E-02  5.0629E-01  0.0000E+00  0.0000E+00
  0.0000E+00  9.5565E-02  5.0629E-01  0.0000E+00  0.0000E+00
  0.0000E+00  9.5565E-02  5.0629E-01  0.0000E+00  0.0000E+00
  0.0000E+00  9.5565E-02  5.0629E-01  0.0000E+00  0.0000E+00
  0.0000E+00  1.3134E-01 -6.1380E-01  0.0000E+00  0.0000E+00
  0.0000E+00  1.3134E-01 -6.1380E-01  0.0000E+00  0.0000E+00
  0.0000E+00  1.3134E-01 -6.1380E-01  0.0000E+00  0.0000E+00
  0.0000E+00  1.3134E-01 -6.1380E-01  0.0000E+00  0.0000E+00
  0.0000E+00  1.3134E-01 -6.1380E-01  0.0000E+00  0.0000E+00
  0.0000E+00  1.3134E-01 -6.1380E-01  0.0000E+00  0.0000E+00
  0.0000E+00  1.3134E-01 -6.1380E-01  0.0000E+00  0.0000E+00
  0.0000E+00  1.3134E-01 -6.1380E-01  0.0000E+00  0.0000E+00
  0.0000E+00  1.3134E-01 -6.1380E-01  0.0000E+00  0.0000E+00
  0.0000E+00  1.3134E-01 -6.1380E-01  0.0000E+00  0.0000E+00
  0.0000E+00 -6.2095E-02 -4.1613E-01  0.0000E+00  0.0000E+00
  0.0000E+00 -6.2095E-02 -4.1613E-01  0.0000E+00  0.0000E+00
  0.0000E+00 -6.2095E-02 -4.1613E-01  0.0000E+00  0.0000E+00
  0.0000E+00 -6.2095E-02 -4.1613E-01  0.0000E+00  0.0000E+00
  0.0000E+00 -6.2095E-02 -4.1613E-01  0.0000E+00  0.0000E+00
  0.0000E+00 -6.2095E-02 -4.1613E-01  0.0000E+00  0.0000E+00
  0.0000E+00 -6.2095E-02 -4.1613E-01  0.0000E+00  0.0000E+00
  0.0000E+00 -6.2095E-02 -4.1613E-01  0.0000E+00  0.0000E+00
  0.0000E+00 -6.2095E-02 -4.1613E-01  0.0000E+00  0.0000E+00
  0.0000E+00 -3.3207E-01 -1.1972E-01  0.0000E+00  0.0000E+00
  0.0000E+00 -3.3207E-01 -1.1972E-01  0.0000E+00  0.0000E+00
  0.0000E+00 -3.3207E-01 -1.1972E-01  0.0000E+00  0.0000E+00
  0.0000E+00 -3.3207E-01 -1.1972E-01  0.0000E+00  0.0000E+00
  0.0000E+00 -3.3207E-01 -1.1972E-01  0.0000E+00  0.0000E+00
  0.0000E+00 -3.3207E-01 -1.1972E-01  0.0000E+00  0.0000E+00
  0.0000E+00 -3.3207E-01 -1.1972E-01  0.0000E+00  0.0000E+00
  0.0000E+00 -3.3207E-01 -1.1972E-01  0.0000E+00  0.0000E+00
  0.0000E+00 -3.3207E-01 -1.1972E-01  0.0000E+00  0.0000E+00
  0.0000E+00 -1.7801E-01 -1.5303E-01  0.0000E+00  0.0000E+00
  0.0000E+00 -1.7801E-01 -1.5303E-01  0.0000E+00  0.0000E+00
  0.0000E+00 -1.7801E-01 -1.5303E-01  0.0000E+00  0.0000E+00
  0.0000E+00 -1.7801E-01 -1.5303E-01  0.0000E+00  0.0000E+00
  0.0000E+00 -1.7801E-01 -1.5303E-01  0.0000E+00  0.0000E+00
  0.0000E+00 -1.7801E-01 -1.5303E-01  0.0000E+00  0.0000E+00
  0.0000E+00 -1.7801E-01 -1.5303E-01  0.0000E+00  0.0000E+00
  0.0000E+00 -1.7801E-01 -1.5303E-01  0.0000E+00  0.0000E+00
  0.0000E+00  2.5928E-01  1.6552E-01  0.0000E+00  0.0000E+00
  0.0000E+00  2.5928E-01  1.6552E-01  0.0000E+00  0.0000E+00
  0.0000E+00  2.5928E-01  1.6552E-01  0.0000E+00  0.0000E+00
  0.0000E+00  2.5928E-01  1.6552E-01  0.0000E+00  0.0000E+00
  0.0000E+00  2.5928E-01  1.6552E-01  0.0000E+00  0.0000E+00
  0.0000E+00  2.5928E-01  1.6552E-01  0.0000E+00  0.0000E+00
  0.0000E+00  2.5928E-01  1.6552E-01  0.0000E+00  0.0000E+00
  0.0000E+00  2.5928E-01  1.6552E-01  0.0000E+00  0.0000E+00
  0.0000E+00  2.5928E-01  1.6552E-01  0.0000E+00  0.0000E+00
  0.0000E+00  3.6808E-02 -2.2595E-01  0.0000E+00  0.0000E+00
  0.0000E+00  3.6808E-02 -2.2595E-01  0.0000E+00  0.0000E+00
  0.0000E+00  3.6808E-02 -2.2595E-01  0.0000E+00  0.0000E+00
  0.0000E+00  3.6808E-02 -2.2595E-01  0.0000E+00  0.0000E+00
  0.0000E+00  3.6808E-02 -2.2595E-01  0.0000E+00  0.0000E+00
  0.0000E+00  3.6808E-02 -2.2595E-01  0.0000E+00  0.0000E+00
  0.0000E+00  3.6808E-02 -2.2595E-01  0.0000E+00  0.0000E+00
  0.0000E+00  3.6808E-02 -2.2595E-01  0.0000E+00  0.0000E+00
  0.0000E+00  3.6808E-02 -2.2595E-01  0.0000E+00  0.0000E+00
  0.0000E+00  3.6808E-02 -2.2595E-01  0.0000E+00  0.0000E+00
  0.0000E+00 -4.6728E-01  3.1899E-01  0.0000E+00  0.0000E+00
  0.0000E+00 -4.6728E-01  3.1899E-01  0.0000E+00  0.0000E+00
  0.0000E+00 -4.6728E-01  3.1899E-01  0.0000E+00  0.0000E+00
  0.0000E+00 -4.6728E-01  3.1899E-01  0.0000E+00  0.0000E+00
  0.0000E+00 -4.6728E-01  3.1899E-01  0.0000E+00  0.0000E+00
  0.0000E+00 -4.6728E-01  3.1899E-01  0.0000E+00  0.0000E+00
  0.0000E+00 -4.6728E-01  3.1899E-01  0.0000E+00  0.0000E+00
  0.0000E+00 -4.6728E-01  3.1899E-01  0.0000E+00  0.0000E+00
  0.0000E+00  1.5940E-01  6.3884E-01  0.0000E+00  0.0000E+00
  0.0000E+00  1.5940E-01  6.3884E-01  0.0000E+00  0.0000E+00
  0.0000E+00  1.5940E-01  6.3884E-01  0.0000E+00  0.0000E+00
  0.0000E+00  1.5940E-01  6.3884E-01  0.0000E+00  0.0000E+00
  0.0000E+00  1.5940E-01  6.3884E-01  0.0000E+00  0.0000E+00
  0.0000E+00  1.5940E-01  6.3884E-01  0.0000E+00  0.0000E+00
  0.0000E+00  1.5940E-01  6.3884E-01  0.0000E+00  0.0000E+00
  0.0000E+00  2.1540E-01 -1.2448E+00  0.0000E+00  0.0000E+00
  0.0000E+00  2.1540E-01 -1.2448E+00  0.0000E+00  0.0000E+00
  0.0000E+00  2.1540E-01 -1.2448E+00  0.0000E+00  0.0000E+00
  0.0000E+00  2.1540E-01 -1.2448E+00  0.0000E+00  0.0000E+00
  0.0000E+00  2.1540E-01 -1.2448E+00  0.0000E+00  0.0000E+00
  0.0000E+00  2.1540E-01 -1.2448E+00  0.0000E+00  0.0000E+00
  0.0000E+00  2.1540E-01 -1.2448E+00  0.0000E+00  0.0000E+00
  0.0000E+00  2.1540E-01 -1.2448E+00  0.0000E+00  0.0000E+00
  0.0000E+00  2.1540E-01 -1.2448E+00  0.0000E+00  0.0000E+00
  0.0000E+00  2.1540E-01 -1.2448E+00  0.0000E+00  0.0000E+00
  0.0000E+00  2.2867E-01 -2.0831E-01  0.0000E+00  0.0000E+00
  0.0000E+00  2.2867E-01 -2.0831E-01  0.0000E+00  0.0000E+00
  0.0000E+00  2.2867E-01 -2.0831E-01  0.0000E+00  0.0000E+00
  0.0000E+00  2.2867E-01 -2.0831E-01  0.0000E+00  0.0000E+00
  0.0000E+00  2.2867E-01 -2.0831E-01  0.0000E+00  0.0000E+00
  0.0000E+00  2.2867E-01 -2.0831E-01  0.0000E+00  0.0000E+00
  0.0000E+00  2.2867E-01 -2.0831E-01  0.0000E+00  0.0000E+00
  0.0000E+00  2.2867E-01 -2.0831E-01  0.0000E+00  0.0000E+00
  0.0000E+00  2.2867E-01 -2.0831E-01  0.0000E+00  0.0000E+00
  0.0000E+00  2.2867E-01 -2.0831E-01  0.0000E+00  0.0000E+00
  0.0000E+00 -8.4121E-01  6.5863E-01  0.0000E+00  0.0000E+00
  0.0000E+00 -8.4121E-01  6.5863E-01  0.0000E+00  0.0000E+00
  0.0000E+00 -8.4121E-01  6.5863E-01  0.0000E+00  0.0000E+00
  0.0000E+00 -8.4121E-01  6.5863E-01  0.0000E+00  0.0000E+00
  0.0000E+00 -8.4121E-01  6.5863E-01  0.0000E+00  0.0000E+00
  0.0000E+00 -8.4121E-01  6.5863E-01  0.0000E+00  0.0000E+00
  0.0000E+00 -8.4121E-01  6.5863E-01  0.0000E+00  0.0000E+00
  0.0000E+00 -8.4121E-01  6.5863E-01  0.0000E+00  0.0000E+00
  0.0000E+00 -8.4121E-01  6.5863E-01  0.0000E+00  0.0000E+00
  0.0000E+00  2.7429E-01 -2.0605E-01  0.0000E+00  0.0000E+00
  0.0000E+00  2.7429E-01 -2.0605E-01  0.0000E+00  0.0000E+00
  0.0000E+00  2.7429E-01 -2.0605E-01  0.0000E+00  0.0000E+00
  0.0000E+00  2.7429E-01 -2.0605E-01  0.0000E+00  0.0000E+00
  0.0000E+00  2.7429E-01 -2.0605E-01  0.0000E+00  0.0000E+00
  0.0000E+00  2.7429E-01 -2.0605E-01  0.0000E+00  0.0000E+00
  0.0000E+00  2.7429E-01 -2.0605E-01  0.0000E+00  0.0000E+00
  0.0000E+00  2.7429E-01 -2.0605E-01  0.0000E+00  0.0000E+00
  0.0000E+00  2.7429E-01 -2.0605E-01  0.0000E+00  0.0000E+00
  0.0000E+00  2.7429E-01 -2.0605E-01  0.0000E+00  0.0000E+00
  0.0000E+00  2.8623E-01  2.9842E-01  0.0000E+00  0.0000E+00
  0.0000E+00  2.8623E-01  2.9842E-01  0.0000E+00  0.0000E+00
  0.0000E+00  2.8623E-01  2.9842E-01  0.0000E+00  0.0000E+00
  0.0000E+00  2.8623E-01  2.9842E-01  0.0000E+00  0.0000E+00
  0.0000E+00  2.8623E-01  2.9842E-01  0.0000E+00  0.0000E+00
  0.0000E+00  2.8623E-01  2.9842E-01  0.0000E+00  0.0000E+00
  0.0000E+00  2.8623E-01  2.9842E-01  0.0000E+00  0.0000E+00
  0.0000E+00  2.8623E-01  2.9842E-01  0.0000E+00  0.0000E+00
  0.0000E+00  2.8623E-01  2.9842E-01  0.0000E+00  0.0000E+00
  0.0000E+00  2.8623E-01  2.9842E-01  0.0000E+00  0.0000E+00
  0.0000E+00 -7.7409E-02  9.1591E-01  0.0000E+00  0.0000E+00
  0.0000E+00 -7.7409E-02  9.1591E-01  0.0000E+00  0.0000E+00
  0.0000E+00 -7.7409E-02  9.1591E-01  0.0000E+00  0.0000E+00
  0.0000E+00 -7.7409E-02  9.1591E-01  0.0000E+00  0.0000E+00
  0.0000E+00 -7.7409E-02  9.1591E-01  0.0000E+00  0.0000E+00
  0.0000E+00 -7.7409E-02  9.1591E-01  0.0000E+00  0.0000E+00
  0.0000E+00 -7.7409E-02  9.1591E-01  0.0000E+00  0.0000E+00
  0.0000E+00 -5.2270E-01 -1.2995E-01  0.0000E+00  0.0000E+00
  0.0000E+00 -5.2270E-01 -1.2995E-01  0.0000E+00  0.0000E+00
  0.0000E+00 -5.2270E-01 -1.2995E-01  0.0000E+00  0.0000E+00
  0.0000E+00 -5.2270E-01 -1.2995E-01  0.0000E+00  0.0000E+00
  0.0000E+00 -5.2270E-01 -1.2995E-01  0.0000E+00  0.0000E+00
  0.0000E+00 -5.2270E-01 -1.2995E-01  0.0000E+00  0.0000E+00
  0.0000E+00 -5.2270E-01 -1.2995E-01  0.0000E+00  0.0000E+00
  0.0000E+00 -5.2270E-01 -1.2995E-01  0.0000E+00  0.0000E+00
  0.0000E+00 -5.2270E-01 -1.2995E-01  0.0000E+00  0.0000E+00
  0.0000E+00 -5.2270E-01 -1.2995E-01  0.0000E+00  0.0000E+00
  0.0000E+00  8.5479E-02 -2.3699E-01  0.0000E+00  0.0000E+00
  0.0000E+00  8.5479E-02 -2.3699E-01  0.0000E+00  0.0000E+00
  0.0000E+00  8.5479E-02 -2.3699E-01  0.0000E+00  0.0000E+00
  0.0000E+00  8.5479E-02 -2.3699E-01  0.0000E+00  0.0000E+00
  0.0000E+00  8.5479E-02 -2.3699E-01  0.0000E+00  0.0000E+00
  0.0000E+00  8.5479E-02 -2.3699E-01  0.0000E+00  0.0000E+00
  0.0000E+00  8.5479E-02 -2.3699E-01  0.0000E+00  0.0000E+00
  0.0000E+00  8.5479E-02 -2.3699E-01  0.0000E+00  0.0000E+00
  0.0000E+00  8.5479E-02 -2.3699E-01  0.0000E+00  0.0000E+00
  0.0000E+00  8.5479E-02 -2.3699E-01  0.0000E+00  0.0000E+00
  0.0000E+00  9.6215E-02  6.1843E-02  0.0000E+00  0.0000E+00
  0.0000E+00  9.6215E-02  6.1843E-02  0.0000E+00  0.0000E+00
  0.0000E+00  9.6215E-02  6.1843E-02  0.0000E+00  0.0000E+00
  0.0000E+00  9.6215E-02  6.1843E-02  0.0000E+00  0.0000E+00
  0.0000E+00  9.6215E-02  6.1843E-02  0.0000E+00  0.0000E+00
  0.0000E+00  9.6215E-02  6.1843E-02  0.0000E+00  0.0000E+00
  0.0000E+00  9.6215E-02  6.1843E-02  0.0000E+00  0.0000E+00
  0.0000E+00  9.6215E-02  6.1843E-02  0.0000E+00  0.0000E+00
  0.0000E+00  9.6215E-02  6.1843E-02  0.0000E+00  0.0000E+00
  0.0000E+00  9.6215E-02  6.1843E-02  0.0000E+00  0.0000E+00
  0.0000E+00 -1.2806E-01  9.2672E-01  0.0000E+00  0.0000E+00
  0.0000E+00 -1.2806E-01  9.2672E-01  0.0000E+00  0.0000E+00
  0.0000E+00 -1.2806E-01  9.2672E-01  0.0000E+00  0.0000E+00
  0.0000E+00 -1.2806E-01  9.2672E-01  0.0000E+00  0.0000E+00
  0.0000E+00 -1.2806E-01  9.2672E-01  0.0000E+00  0.0000E+00
  0.0000E+00 -1.2806E-01  9.2672E-01  0.0000E+00  0.0000E+00
  0.0000E+00 -1.2806E-01  9.2672E-01  0.0000E+00  0.0000E+00
  0.0000E+00 -3.6088E-01 -6.0286E-01  0.0000E+00  0.0000E+00
  0.0000E+00 -3.6088E-01 -6.0286E-01  0.0000E+00  0.0000E+00
  0.0000E+00 -3.6088E-01 -6.0286E-01  0.0000E+00  0.0000E+00
  0.0000E+00 -3.6088E-01 -6.0286E-01  0.0000E+00  0.0000E+00
  0.0000E+00 -3.6088E-01 -6.0286E-01  0.0000E+00  0.0000E+00
  0.0000E+00 -3.6088E-01 -6.0286E-01  0.0000E+00  0.0000E+00
  0.0000E+00 -3.6088E-01 -6.0286E-01  0.0000E+00  0.0000E+00
  0.0000E+00 -3.6088E-01 -6.0286E-01  0.0000E+00  0.0000E+00
  0.0000E+00 -3.6088E-01 -6.0286E-01  0.0000E+00  0.0000E+00
  0.0000E+00 -3.6088E-01 -6.0286E-01  0.0000E+00  0.0000E+00
  0.0000E+00  4.0613E-01  9.0632E-01  0.0000E+00  0.0000E+00
  0.0000E+00  4.0613E-01  9.0632E-01  0.0000E+00  0.0000E+00
  0.0000E+00  4.0613E-01  9.0632E-01  0.0000E+00  0.0000E+00
  0.0000E+00  4.0613E-01  9.0632E-01  0.0000E+00  0.0000E+00
  0.0000E+00  4.0613E-01  9.0632E-01  0.0000E+00  0.0000E+00
  0.0000E+00  4.0613E-01  9.0632E-01  0.0000E+00  0.0000E+00
  0.0000E+00  4.0613E-01  9.0632E-01  0.0000E+00  0.0000E+00
  0.0000E+00  4.0613E-01  9.0632E-01  0.0000E+00  0.0000E+00
  0.0000E+00  4.0039E-01  7.4336E-01  0.0000E+00  0.0000E+00
  0.0000E+00  4.0039E-01  7.4336E-01  0.0000E+00  0.0000E+00
  0.0000E+00  4.0039E-01  7.4336E-01  0.0000E+00  0.0000E+00
  0.0000E+00  4.0039E-01  7.4336E-01  0.0000E+00  0.0000E+00
  0.0000E+00  4.0039E-01  7.4336E-01  0.0000E+00  0.0000E+00
  0.0000E+00  4.0039E-01  7.4336E-01  0.0000E+00  0.0000E+00
  0.0000E+00  4.0039E-01  7.4336E-01  0.0000E+00  0.0000E+00
  0.0000E+00  4.0039E-01  7.4336E-01  0.0000E+00  0.0000E+00
  0.0000E+00  4.0039E-01  7.4336E-01  0.0000E+00  0.0000E+00
  0.0000E+00  4.0039E-01  7.4336E-01  0.0000E+00  0.0000E+00
  0.0000E+00 -8.3316E-02 -2.4059E-01  0.0000E+00  0.0000E+00
  0.0000E+00 -8.3316E-02 -2.4059E-01  0.0000E+00  0.0000E+00
  0.0000E+00 -8.3316E-02 -2.4059E-01  0.0000E+00  0.0000E+00
  0.0000E+00 -8.3316E-02 -2.4059E-01  0.0000E+00  0.0000E+00
  0.0000E+00 -8.3316E-02 -2.4059E-01  0.0000E+00  0.0000E+00
  0.0000E+00 -8.3316E-02 -2.4059E-01  0.0000E+00  0.0000E+00
  0.0000E+00 -8.3316E-02 -2.4059E-01  0.0000E+00  0.0000E+00
  0.0000E+00 -8.3316E-02 -2.4059E-01  0.0000E+00  0.0000E+00
  0.0000E+00 -8.3316E-02 -2.4059E-01  0.0000E+00  0.0000E+00
  0.0000E+00 -8.3316E-02 -2.4059E-01  0.0000E+00  0.0000E+00
  0.0000E+00 -1.9536E-01  1.0225E+00  0.0000E+00  0.0000E+00
  0.0000E+00 -1.9536E-01  1.0225E+00  0.0000E+00  0.0000E+00
  0.0000E+00 -1.9536E-01  1.0225E+00  0.0000E+00  0.0000E+00
  0.0000E+00 -1.9536E-01  1.0225E+00  0.0000E+00  0.0000E+00
  0.0000E+00 -1.9536E-01  1.0225E+00  0.0000E+00  0.0000E+00
  0.0000E+00 -1.9536E-01  1.0225E+00  0.0000E+00  0.0000E+00
  0.0000E+00 -1.9536E-01  1.0225E+00  0.0000E+00  0.0000E+00
  0.0000E+00 -1.9536E-01  1.0225E+00  0.0000E+00  0.0000E+00
  0.0000E+00 -1.1821E-01  3.7271E-01  0.0000E+00  0.0000E+00
  0.0000E+00 -1.1821E-01  3.7271E-01  0.0000E+00  0.0000E+00
  0.0000E+00 -1.1821E-01  3.7271E-01  0.0000E+00  0.0000E+00
  0.0000E+00 -1.1821E-01  3.7271E-01  0.0000E+00  0.0000E+00
  0.0000E+00 -1.1821E-01  3.7271E-01  0.0000E+00  0.0000E+00
  0.0000E+00 -1.1821E-01  3.7271E-01  0.0000E+00  0.0000E+00
  0.0000E+00 -1.1821E-01  3.7271E-01  0.0000E+00  0.0000E+00
  0.0000E+00 -1.1821E-01  3.7271E-01  0.0000E+00  0.0000E+00
  0.0000E+00 -1.1821E-01  3.7271E-01  0.0000E+00  0.0000E+00
  0.0000E+00 -1.1821E-01  3.7271E-01  0.0000E+00  0.0000E+00
  0.0000E+00 -2.6860E-01  4.8878E-01  0.0000E+00  0.0000E+00
  0.0000E+00 -2.6860E-01  4.8878E-01  0.0000E+00  0.0000E+00
  0.0000E+00 -2.6860E-01  4.8878E-01  0.0000E+00  0.0000E+00
  0.0000E+00 -2.6860E-01  4.8878E-01  0.0000E+00  0.0000E+00
  0.0000E+00 -2.6860E-01  4.8878E-01  0.0000E+00  0.0000E+00
  0.0000E+00 -2.6860E-01  4.8878E-01  0.0000E+00  0.0000E+00
  0.0000E+00 -2.6860E-01  4.8878E-01  0.0000E+00  0.0000E+00
  0.0000E+00 -2.6860E-01  4.8878E-01  0.0000E+00  0.0000E+00
  0.0000E+00 -2.6860E-01  4.8878E-01  0.0000E+00  0.0000E+00
  0.0000E+00 -2.6860E-01  4.8878E-01  0.0000E+00  0.0000E+00
  0.0000E+00 -4.1343E-01  2.1823E-01  0.0000E+00  0.0000E+00
  0.0000E+00 -4.1343E-01  2.1823E-01  0.0000E+00  0.0000E+00
  0.0000E+00 -4.1343E-01  2.1823E-01  0.0000E+00  0.0000E+00
  0.0000E+00 -4.1343E-01  2.1823E-01  0.0000E+00  0.0000E+00
  0.0000E+00 -4.1343E-01  2.1823E-01  0.0000E+00  0.0000E+00
  0.0000E+00 -4.1343E-01  2.1823E-01  0.0000E+00  0.0000E+00
  0.0000E+00 -4.1343E-01  2.1823E-01  0.0000E+00  0.0000E+00
  0.0000E+00 -4.1343E-01  2.1823E-01  0.0000E+00  0.0000E+00
  0.0000E+00 -4.1343E-01  2.1823E-01  0.0000E+00  0.0000E+00
  0.0000E+00 -4.1343E-01  2.1823E-01  0.0000E+00  0.0000E+00
  0.0000E+00  2.3762E-01 -1.4388E-01  0.0000E+00  0.0000E+00
  0.0000E+00  2.3762E-01 -1.4388E-01  0.0000E+00  0.0000E+00
  0.0000E+00  2.3762E-01 -1.4388E-01  0.0000E+00  0.0000E+00
  0.0000E+00  2.3762E-01 -1.4388E-01  0.0000E+00  0.0000E+00
  0.0000E+00  2.3762E-01 -1.4388E-01  0.0000E+00  0.0000E+00
  0.0000E+00  2.3762E-01 -1.4388E-01  0.0000E+00  0.0000E+00
  0.0000E+00  2.3762E-01 -1.4388E-01  0.0000E+00  0.0000E+00
  0.0000E+00  2.3762E-01 -1.4388E-01  0.0000E+00  0.0000E+00
  0.0000E+00  2.3762E-01 -1.4388E-01  0.0000E+00  0.0000E+00
  0.0000E+00  2.3762E-01 -1.4388E-01  0.0000E+00  0.0000E+00
  0.0000E+00  9.3828E-02  7.9249E-01  0.0000E+00  0.0000E+00
  0.0000E+00  9.3828E-02  7.9249E-01  0.0000E+00  0.0000E+00
  0.0000E+00  9.3828E-02  7.9249E-01  0.0000E+00  0.0000E+00
  0.0000E+00  9.3828E-02  7.9249E-01  0.0000E+00  0.0000E+00
  0.0000E+00  9.3828E-02  7.9249E-01  0.0000E+00  0.0000E+00
  0.0000E+00  9.3828E-02  7.9249E-01  0.0000E+00  0.0000E+00
  0.0000E+00  9.3828E-02  7.9249E-01  0.0000E+00  0.0000E+00
  0.0000E+00  9.3828E-02  7.9249E-01  0.0000E+00  0.0000E+00
  0.0000E+00  4.5147E-01 -3.6079E-01  0.0000E+00  0.0000E+00
  0.0000E+00  4.5147E-01 -3.6079E-01  0.0000E+00  0.0000E+00
  0.0000E+00  4.5147E-01 -3.6079E-01  0.0000E+00  0.0000E+00
  0.0000E+00  4.5147E-01 -3.6079E-01  0.0000E+00  0.0000E+00
  0.0000E+00  4.5147E-01 -3.6079E-01  0.0000E+00  0.0000E+00
  0.0000E+00  4.5147E-01 -3.6079E-01  0.0000E+00  0.0000E+00
  0.0000E+00  4.5147E-01 -3.6079E-01  0.0000E+00  0.0000E+00
  0.0000E+00  4.5147E-01 -3.6079E-01  0.0000E+00  0.0000E+00
  0.0000E+00  4.5147E-01 -3.6079E-01  0.0000E+00  0.0000E+00
  0.0000E+00  4.5147E-01 -3.6079E-01  0.0000E+00  0.0000E+00
  0.0000E+00 -2.2875E-01  8.3235E-01  0.0000E+00  0.0000E+00
  0.0000E+00 -2.2875E-01  8.3235E-01  0.0000E+00  0.0000E+00
  0.0000E+00 -2.2875E-01  8.3235E-01  0.0000E+00  0.0000E+00
  0.0000E+00 -2.2875E-01  8.3235E-01  0.0000E+00  0.0000E+00
  0.0000E+00 -2.2875E-01  8.3235E-01  0.0000E+00  0.0000E+00
  0.0000E+00 -2.2875E-01  8.3235E-01  0.0000E+00  0.0000E+00
  0.0000E+00 -2.2875E-01  8.3235E-01  0.0000E+00  0.0000E+00
  0.0000E+00 -2.2875E-01  8.3235E-01  0.0000E+00  0.0000E+00
  0.0000E+00 -5.5207E-01  3.3168E-01  0.0000E+00  0.0000E+00
  0.0000E+00 -5.5207E-01  3.3168E-01  0.0000E+00  0.0000E+00
  0.0000E+00 -5.5207E-01  3.3168E-01  0.0000E+00  0.0000E+00
  0.0000E+00 -5.5207E-01  3.3168E-01  0.0000E+00  0.0000E+00
  0.0000E+00 -5.5207E-01  3.3168E-01  0.0000E+00  0.0000E+00
  0.0000E+00 -5.5207E-01  3.3168E-01  0.0000E+00  0.0000E+00
  0.0000E+00 -5.5207E-01  3.3168E-01  0.0000E+00  0.0000E+00
  0.0000E+00 -5.5207E-01  3.3168E-01  0.0000E+00  0.0000E+00
  0.0000E+00 -5.5207E-01  3.3168E-01  0.0000E+00  0.0000E+00
  0.0000E+00 -5.5207E-01  3.3168E-01  0.0000E+00  0.0000E+00
  0.0000E+00 -1.2425E-01 -9.0845E-02  0.0000E+00  0.0000E+00
  0.0000E+00 -1.2425E-01 -9.0845E-02  0.0000E+00  0.0000E+00
  0.0000E+00 -1.2425E-01 -9.0845E-02  0.0000E+00  0.0000E+00
  0.0000E+00 -1.2425E-01 -9.0845E-02  0.0000E+00  0.0000E+00
  0.0000E+00 -1.2425E-01 -9.0845E-02  0.0000E+00  0.0000E+00
  0.0000E+00 -1.2425E-01 -9.0845E-02  0.0000E+00  0.0000E+00
  0.0000E+00 -1.2425E-01 -9.0845E-02  0.0000E+00  0.0000E+00
  0.0000E+00 -1.2425E-01 -9.0845E-02  0.0000E+00  0.0000E+00
  0.0000E+00 -1.2425E-01 -9.0845E-02  0.0000E+00  0.0000E+00
  0.0000E+00 -1.2425E-01 -9.0845E-02  0.0000E+00  0.0000E+00
  0.0000E+00 -6.2201E-01  4.3780E-01  0.0000E+00  0.0000E+00
  0.0000E+00 -6.2201E-01  4.3780E-01  0.0000E+00  0.0000E+00
  0.0000E+00 -6.2201E-01  4.3780E-01  0.0000E+00  0.0000E+00
  0.0000E+00 -6.2201E-01  4.3780E-01  0.0000E+00  0.0000E+00
  0.0000E+00 -6.2201E-01  4.3780E-01  0.0000E+00  0.0000E+00
  0.0000E+00 -6.2201E-01  4.3780E-01  0.0000E+00  0.0000E+00
  0.0000E+00 -6.2201E-01  4.3780E-01  0.0000E+00  0.0000E+00
  0.0000E+00 -6.2201E-01  4.3780E-01  0.0000E+00  0.0000E+00
  0.0000E+00 -6.2201E-01  4.3780E-01  0.0000E+00  0.0000E+00
  0.0000E+00 -1.9736E-02 -2.8546E-01  0.0000E+00  0.0000E+00
  0.0000E+00 -1.9736E-02 -2.8546E-01  0.0000E+00  0.0000E+00
  0.0000E+00 -1.9736E-02 -2.8546E-01  0.0000E+00  0.0000E+00
  0.0000E+00 -1.9736E-02 -2.8546E-01  0.0000E+00  0.0000E+00
  0.0000E+00 -1.9736E-02 -2.8546E-01  0.0000E+00  0.0000E+00
  0.0000E+00 -1.9736E-02 -2.8546E-01  0.0000E+00  0.0000E+00
  0.0000E+00 -1.9736E-02 -2.8546E-01  0.0000E+00  0.0000E+00
  0.0000E+00 -1.9736E-02 -2.8546E-01  0.0000E+00  0.0000E+00
  0.0000E+00 -1.9736E-02 -2.8546E-01  0.0000E+00  0.0000E+00
  0.0000E+00 -1.9736E-02 -2.8546E-01  0.0000E+00  0.0000E+00
  0.0000E+00  2.4941E-01  8.9207E-02  0.0000E+00  0.0000E+00
  0.0000E+00  2.4941E-01  8.9207E-02  0.0000E+00  0.0000E+00
  0.0000E+00  2.4941E-01  8.9207E-02  0.0000E+00  0.0000E+00
  0.0000E+00  2.4941E-01  8.9207E-02  0.0000E+00  0.0000E+00
  0.0000E+00  2.4941E-01  8.9207E-02  0.0000E+00  0.0000E+00
  0.0000E+00  2.4941E-01  8.9207E-02  0.0000E+00  0.0000E+00
  0.0000E+00  2.4941E-01  8.9207E-02  0.0000E+00  0.0000E+00
  0.0000E+00  2.4941E-01  8.9207E-02  0.0000E+00  0.0000E+00
  0.0000E+00  2.4941E-01  8.9207E-02  0.0000E+00  0.0000E+00
  0.0000E+00  2.4941E-01  8.9207E-02  0.0000E+00  0.0000E+00
  0.0000E+00 -1.9373E-01  4.0000E-02  0.0000E+00  0.0000E+00
  0.0000E+00 -1.9373E-01  4.0000E-02  0.0000E+00  0.0000E+00
  0.0000E+00 -1.9373E-01  4.0000E-02  0.0000E+00  0.0000E+00
  0.0000E+00 -1.9373E-01  4.0000E-02  0.0000E+00  0.0000E+00
  0.0000E+00 -1.9373E-01  4.0000E-02  0.0000E+00  0.0000E+00
  0.0000E+00 -1.9373E-01  4.0000E-02  0.0000E+00  0.0000E+00
  0.0000E+00 -1.9373E-01  4.0000E-02  0.0000E+00  0.0000E+00
  0.0000E+00 -1.9373E-01  4.0000E-02  0.0000E+00  0.0000E+00
  0.0000E+00 -1.9373E-01  4.0000E-02  0.0000E+00  0.0000E+00
  0.0000E+00 -1.9373E-01  4.0000E-02  0.0000E+00  0.0000E+00
  0.0000E+00 -5.2194E-01 -1.4313E-01  0.0000E+00  0.0000E+00
  0.0000E+00 -5.2194E-01 -1.4313E-01  0.0000E+00  0.0000E+00
  0.0000E+00 -5.2194E-01 -1.4313E-01  0.0000E+00  0.0000E+00
  0.0000E+00 -5.2194E-01 -1.4313E-01  0.0000E+00  0.0000E+00
  0.0000E+00 -5.2194E-01 -1.4313E-01  0.0000E+00  0.0000E+00
  0.0000E+00 -5.2194E-01 -1.4313E-01  0.0000E+00  0.0000E+00
  0.0000E+00 -5.2194E-01 -1.4313E-01  0.0000E+00  0.0000E+00
  0.0000E+00 -5.2194E-01 -1.4313E-01  0.0000E+00  0.0000E+00
  0.0000E+00 -5.2194E-01 -1.4313E-01  0.0000E+00  0.0000E+00
  0.0000E+00 -5.2194E-01 -1.4313E-01  0.0000E+00  0.0000E+00
  0.0000E+00  2.8720E-01  7.8272E-01  0.0000E+00  0.0000E+00
  0.0000E+00  2.8720E-01  7.8272E-01  0.0000E+00  0.0000E+00
  0.0000E+00  2.8720E-01  7.8272E-01  0.0000E+00  0.0000E+00
  0.0000E+00  2.8720E-01  7.8272E-01  0.0000E+00  0.0000E+00
  0.0000E+00  2.8720E-01  7.8272E-01  0.0000E+00  0.0000E+00
  0.0000E+00  2.8720E-01  7.8272E-01  0.0000E+00  0.0000E+00
  0.0000E+00  2.8720E-01  7.8272E-01  0.0000E+00  0.0000E+00
  0.0000E+00  2.8720E-01  7.8272E-01  0.0000E+00  0.0000E+00
  0.0000E+00  2.8720E-01  7.8272E-01  0.0000E+00  0.0000E+00
  0.0000E+00  2.8720E-01  7.8272E-01  0.0000E+00  0.0000E+00
